 <pre>

 Contingency table for Visibility (m)
 Selection: ALL    700 stations
Period: 20230101-20230111
Used {00,03,...,21} + 00 01 ... 48
 Limits    1000.00000       5000.00000       10000.0000       20000.0000    
 Each class is data <= limit, the very last > last limit
 Total number of values     1139990
                                     OBSERVATION
                                  18312    19141     8079     4268     5572 |     55372
                                  19166   110309    66521    62393    81835 |    340224
                           REF     1464    19685    24088    40968    77469 |    163674
                                    421     7094    14768    33185    78723 |    134191
                                   2428    21810    42985   111235   268071 |    446529

                    SUM           41791   178039   156441   252049   511670 |   1139990
                                     OBSERVATION
                                  18451    19472     8121     4270     5581 |     55895
                                  19099   110162    66931    62512    81943 |    340647
                       NORADAR     1373    19329    23075    38746    72979 |    155502
                                    403     6611    13444    30163    71505 |    122126
                                   2465    22465    44870   116358   279662 |    465820

                    SUM           41791   178039   156441   252049   511670 |   1139990

