 <pre>

 Contingency table for Cloud cover (octas)
 Selection: ALL    611 stations
Period: 20230101-20230106
Used {00,03,...,21} + 01 02 ... 48
 Limits   0.500000000       1.50000000       2.50000000       3.50000000       4.50000000       5.50000000       6.50000000       7.50000000    
 Each class is data <= limit, the very last > last limit
 Total number of values      421330
                                                       OBSERVATION
                                  29149     2827     1584     1400      965     1373     1369     6227    16243 |     61137
                                   4097      799      574      451      359      536      596     2342     5700 |     15454
                                   2326      491      392      293      250      334      436     1490     3528 |      9540
                                   1716      406      341      262      215      337      392     1287     3092 |      8048
                           REF     1598      343      263      273      206      341      362     1362     2963 |      7711
                                   1527      385      299      300      221      349      413     1397     3249 |      8140
                                   1770      544      379      386      293      401      489     1846     4054 |     10162
                                   2877      827      598      625      540      698      952     3400     7517 |     18034
                                  12510     4025     3045     3406     3062     5304     7865    59923   183964 |    283104

                    SUM           57570    10647     7475     7396     6111     9673    12874    79274   230310 |    421330
                                                       OBSERVATION
                                  29213     2750     1610     1359      945     1356     1379     6208    16637 |     61457
                                   4063      829      557      460      378      537      638     2282     5673 |     15417
                                   2330      465      367      296      249      339      454     1447     3582 |      9529
                                   1741      416      327      282      200      345      369     1262     2985 |      7927
                       NORADAR     1654      382      282      250      216      298      372     1357     2925 |      7736
                                   1520      398      329      282      238      342      415     1450     3317 |      8291
                                   1747      523      360      397      295      415      509     1943     4112 |     10301
                                   2912      852      635      602      503      717      939     3337     7565 |     18062
                                  12390     4032     3008     3468     3087     5324     7799    59988   183514 |    282610

                    SUM           57570    10647     7475     7396     6111     9673    12874    79274   230310 |    421330

