 <pre>

 Contingency table for Visibility (m)
 Selection: ALL    700 stations
Period: 20230101-20230106
Used {00,03,...,21} + 00 01 ... 48
 Limits    1000.00000       5000.00000       10000.0000       20000.0000    
 Each class is data <= limit, the very last > last limit
 Total number of values      538478
                                     OBSERVATION
                                   2657     5136     2594     1483     2316 |     14186
                                   4354    29772    24607    24343    35159 |    118235
                           REF      619     7237     9956    18824    39160 |     75796
                                    266     3549     7006    16323    50404 |     77548
                                   1540    11329    20053    53822   165969 |    252713

                    SUM            9436    57023    64216   114795   293008 |    538478
                                     OBSERVATION
                                   2665     5276     2548     1473     2379 |     14341
                                   4365    29597    24731    24345    35251 |    118289
                       NORADAR      583     7026     9316    17107    35957 |     69989
                                    235     3225     6291    14559    44543 |     68853
                                   1588    11899    21330    57311   174878 |    267006

                    SUM            9436    57023    64216   114795   293008 |    538478

