 <pre>

 Contingency table for Rh2m (%)
 Selection: ALL   1047 stations
Period: 20230101-20230110
Used {00,03,...,21} + 00 01 ... 48
 Limits    30.0000000       50.0000000       65.0000000       75.0000000       85.0000000       95.0000000       100.000000    
 Each class is data <= limit, the very last > last limit
 Total number of values     1733573
                                              OBSERVATION
                                      1        0       14        7       12        3        0        0 |        37
                                    465     2352     3344     2109     1534      656       39        0 |     10499
                                    421     6921    45127    32055    34274    12106     1088        0 |    131992
                           REF       18     2337    28104    50079    92209    54670     4198        0 |    231615
                                      5      401    11606    43346   157549   242113    19142        0 |    474162
                                      0       76     2004    15604   103721   337430   104121        0 |    562956
                                      0        3       50      651    10349   101268   209181        0 |    321502
                                      0        0        0        0        1       75      734        0 |       810

                    SUM             910    12090    90249   143851   399649   748321   338503        0 |   1733573
                                              OBSERVATION
                                      1        0       17       11       12        2        0        0 |        43
                                    486     2539     3607     2152     1541      674       40        0 |     11039
                                    398     6773    45379    32721    34767    11961     1005        0 |    133004
                       NORADAR       19     2276    27564    50188    93784    56512     4346        0 |    234689
                                      6      428    11622    42787   156592   243244    19388        0 |    474067
                                      0       73     2007    15320   102686   334463   104147        0 |    558696
                                      0        1       53      672    10265   101394   208835        0 |    321220
                                      0        0        0        0        2       71      742        0 |       815

                    SUM             910    12090    90249   143851   399649   748321   338503        0 |   1733573

