 <pre>

 Contingency table for Visibility (m)
 Selection: ALL    694 stations
Period: 20230101-20230103
Used {00,03,...,21} + 00 01 ... 48
 Limits    1000.00000       5000.00000       10000.0000       20000.0000    
 Each class is data <= limit, the very last > last limit
 Total number of values      175034
                                     OBSERVATION
                                   1434     2409     1493      975     1745 |      8056
                                   1971    10099     9278    11023    15876 |     48247
                           REF      209     1483     2313     6004    12390 |     22399
                                    111      824     1366     3620    16374 |     22295
                                    575     2893     4429    14213    51927 |     74037

                    SUM            4300    17708    18879    35835    98312 |    175034
                                     OBSERVATION
                                   1436     2473     1448      993     1788 |      8138
                                   1976    10097     9351    10839    15657 |     47920
                       NORADAR      200     1443     2271     5823    11994 |     21731
                                    115      869     1314     3458    15684 |     21440
                                    573     2826     4495    14722    53189 |     75805

                    SUM            4300    17708    18879    35835    98312 |    175034

