 <pre>

 Contingency table for Cloud cover (octas)
 Selection: ALL    605 stations
Period: 20230101-20230103
Used {00,03,...,21} + 01 02 ... 48
 Limits   0.500000000       1.50000000       2.50000000       3.50000000       4.50000000       5.50000000       6.50000000       7.50000000    
 Each class is data <= limit, the very last > last limit
 Total number of values      133476
                                                       OBSERVATION
                                  13074      868      445      424      300      313      377      672      868 |     17341
                                   1468      254      167      157      107      178      171      445      527 |      3474
                                    819      167      107       86       85      105      150      291      425 |      2235
                                    633      142       99       97       70      125      148      303      415 |      2032
                           REF      587      125       85      103       67      116      124      345      433 |      1985
                                    635      146       90      116       85      121      139      368      510 |      2210
                                    756      204      135      156      108      160      166      478      742 |      2905
                                   1271      304      216      247      162      247      320      924     1434 |      5125
                                   5974     1725     1245     1542     1216     2032     3018    20352    59065 |     96169

                    SUM           25217     3935     2589     2928     2200     3397     4613    24178    64419 |    133476
                                                       OBSERVATION
                                  13131      873      454      417      271      302      364      640      797 |     17249
                                   1465      258      157      150      125      167      197      435      491 |      3445
                                    827      155       90       82       96      104      141      285      384 |      2164
                                    620      141       91       92       61      122      139      279      387 |      1932
                       NORADAR      639      136       85       95       78       97      138      313      409 |      1990
                                    624      138      100      105       79      113      151      389      513 |      2212
                                    717      200      118      157       91      152      172      529      719 |      2855
                                   1273      309      227      245      176      282      318      903     1441 |      5174
                                   5921     1725     1267     1585     1223     2058     2993    20405    59278 |     96455

                    SUM           25217     3935     2589     2928     2200     3397     4613    24178    64419 |    133476

