 <pre>

 Contingency table for Cloud cover (octas)
 Selection: ALL    612 stations
Period: 20230101-20230111
Used {00,03,...,21} + 01 02 ... 48
 Limits   0.500000000       1.50000000       2.50000000       3.50000000       4.50000000       5.50000000       6.50000000       7.50000000    
 Each class is data <= limit, the very last > last limit
 Total number of values      899290
                                                       OBSERVATION
                                  40633     4431     2821     2261     1437     2176     2300     8615    22071 |     86745
                                   6696     1368     1118      939      642      980     1070     3874     8700 |     25387
                                   3572      839      723      561      450      628      804     2619     5664 |     15860
                                   2608      694      597      479      389      573      745     2280     5030 |     13395
                           REF     2344      587      519      506      381      565      709     2480     4961 |     13052
                                   2264      670      573      527      399      633      763     2655     5477 |     13961
                                   2653      882      686      700      539      785     1021     3635     7150 |     18051
                                   4244     1401     1182     1139      939     1328     1865     6800    13885 |     32783
                                  22030     7997     6226     7464     6641    12009    16100   125570   476019 |    680056

                    SUM           87044    18869    14445    14576    11817    19677    25377   158528   548957 |    899290
                                                       OBSERVATION
                                  40725     4367     2839     2227     1413     2169     2304     8639    22541 |     87224
                                   6693     1394     1144      919      668      975     1109     3808     8714 |     25424
                                   3527      802      678      577      464      632      830     2544     5690 |     15744
                                   2593      691      584      501      368      572      709     2233     4951 |     13202
                       NORADAR     2393      648      540      479      389      567      718     2435     4938 |     13107
                                   2254      699      610      523      417      593      804     2710     5529 |     14139
                                   2700      854      703      687      511      791     1009     3754     7237 |     18246
                                   4324     1440     1229     1152      929     1340     1824     6846    13982 |     33066
                                  21835     7974     6118     7511     6658    12038    16070   125559   475375 |    679138

                    SUM           87044    18869    14445    14576    11817    19677    25377   158528   548957 |    899290

