 <pre>

 Contingency table for Rh2m (%)
 Selection: ALL   1048 stations
Period: 20230101-20230111
Used {00,03,...,21} + 00 01 ... 48
 Limits    30.0000000       50.0000000       65.0000000       75.0000000       85.0000000       95.0000000       100.000000    
 Each class is data <= limit, the very last > last limit
 Total number of values     1883300
                                              OBSERVATION
                                      1        0       14        7       12        3        0        0 |        37
                                    465     2399     3410     2117     1510      633       39        0 |     10573
                                    421     7277    46825    33041    34652    12116     1047        0 |    135379
                           REF       18     2705    30443    54229    95201    56285     4216        0 |    243097
                                      5      461    12320    46190   165388   257156    19758        0 |    501278
                                      0       87     2179    16889   113411   377226   122120        0 |    631912
                                      0        3       51      684    11240   111322   236883        0 |    360183
                                      0        0        0        0        1       90      750        0 |       841

                    SUM             910    12932    95242   153157   421415   814831   384813        0 |   1883300
                                              OBSERVATION
                                      1        0       17       11       12        2        0        0 |        43
                                    486     2586     3670     2160     1516      649       40        0 |     11107
                                    398     7130    47064    33673    35121    11972      963        0 |    136321
                       NORADAR       19     2642    29911    54348    96783    58111     4363        0 |    246177
                                      6      489    12348    45680   164438   258353    20006        0 |    501320
                                      0       84     2178    16578   112384   374069   122178        0 |    627471
                                      0        1       54      707    11159   111594   236504        0 |    360019
                                      0        0        0        0        2       81      759        0 |       842

                    SUM             910    12932    95242   153157   421415   814831   384813        0 |   1883300

