 <pre>

 Contingency table for Cloud cover (octas)
 Selection: ALL    612 stations
Period: 20230101-20230110
Used {00,03,...,21} + 01 02 ... 48
 Limits   0.500000000       1.50000000       2.50000000       3.50000000       4.50000000       5.50000000       6.50000000       7.50000000    
 Each class is data <= limit, the very last > last limit
 Total number of values      828463
                                                       OBSERVATION
                                  40021     4356     2767     2211     1378     2119     2241     8533    21650 |     85276
                                   6589     1349     1092      919      610      939     1039     3766     8329 |     24632
                                   3534      828      710      550      428      611      785     2533     5411 |     15390
                                   2573      683      594      472      378      558      721     2197     4761 |     12937
                           REF     2331      582      512      499      364      551      680     2368     4688 |     12575
                                   2231      665      562      520      385      618      746     2550     5154 |     13431
                                   2631      871      672      688      523      758      990     3478     6729 |     17340
                                   4183     1390     1148     1123      911     1292     1799     6499    13051 |     31396
                                  21625     7776     6060     7190     6348    11432    15141   115875   424039 |    615486

                    SUM           85718    18500    14117    14172    11325    18878    24142   147799   493812 |    828463
                                                       OBSERVATION
                                  40110     4293     2783     2177     1357     2107     2251     8556    22094 |     85728
                                   6594     1378     1119      900      630      945     1075     3705     8381 |     24727
                                   3477      790      670      569      448      615      814     2448     5450 |     15281
                                   2567      684      575      494      355      557      691     2174     4696 |     12793
                       NORADAR     2374      641      533      469      375      546      690     2340     4658 |     12626
                                   2222      688      601      519      406      573      783     2597     5235 |     13624
                                   2674      844      690      677      488      766      976     3563     6833 |     17511
                                   4268     1423     1196     1127      904     1308     1768     6542    13118 |     31654
                                  21432     7759     5950     7240     6362    11461    15094   115874   423347 |    614519

                    SUM           85718    18500    14117    14172    11325    18878    24142   147799   493812 |    828463

