 <pre>

 Contingency table for Visibility (m)
 Selection: ALL    700 stations
Period: 20230101-20230110
Used {00,03,...,21} + 00 01 ... 48
 Limits    1000.00000       5000.00000       10000.0000       20000.0000    
 Each class is data <= limit, the very last > last limit
 Total number of values     1050449
                                     OBSERVATION
                                  16606    17806     7427     3845     4677 |     50361
                                  17627    98284    59301    55048    73365 |    303625
                           REF     1393    16953    21091    36436    70480 |    146353
                                    412     6441    13406    31099    76223 |    127581
                                   2399    20416    39689   104047   255978 |    422529

                    SUM           38437   159900   140914   230475   480723 |   1050449
                                     OBSERVATION
                                  16715    18163     7454     3846     4710 |     50888
                                  17590    98039    59586    55103    73361 |    303679
                       NORADAR     1302    16576    20091    34190    65674 |    137833
                                    392     5944    12115    27978    68848 |    115277
                                   2438    21178    41668   109358   268130 |    442772

                    SUM           38437   159900   140914   230475   480723 |   1050449

